Metacarpal,-28.7903518677,198.176818848,55.562587738,-28.7903518677,198.176818848,55.562587738,0.0,0.0,0.0,
Proximal,-28.7903518677,198.176818848,55.562587738,-25.3603076935,188.025619507,7.22878265381,-0.0692836642265,0.205044671893,0.97629737854,
Intermediate,-25.3603076935,188.025619507,7.22878265381,-10.3113660812,168.472412109,-15.7981557846,-0.445899248123,0.579360365868,0.682286858559,
Distal,-10.3113660812,168.472412109,-15.7981557846,4.3721075058,151.575454712,-21.7611980438,-0.633833765984,0.729382038116,0.257403492928,
Metacarpal,-11.9276018143,213.391448975,49.4924926758,-18.5808486938,221.404464722,-22.7251777649,0.0911842957139,-0.109820246696,0.989759981632,
Proximal,-18.5808486938,221.404464722,-22.7251777649,-8.9189786911,225.728302002,-63.9132080078,-0.227196574211,-0.101674005389,0.968526721001,
Intermediate,-8.9189786911,225.728302002,-63.9132080078,-4.52977323532,225.858673096,-87.4319381714,-0.183455705643,-0.00544912321493,0.983012795448,
Distal,-4.52977323532,225.858673096,-87.4319381714,-2.9426484108,222.831817627,-103.995239258,-0.0938447639346,0.178974285722,0.979367852211,
Metacarpal,-0.381309509277,209.973266602,47.4592094421,1.85879516602,213.486846924,-21.6096839905,-0.0323740392923,-0.050778336823,0.998185157776,
Proximal,1.85879516602,213.486846924,-21.6096839905,10.1775226593,215.207077026,-68.5587005615,-0.174355387688,-0.0360549613833,0.984022438526,
Intermediate,10.1775226593,215.207077026,-68.5587005615,11.4163188934,211.040008545,-96.3688278198,-0.0440103113651,0.148042082787,0.988001346588,
Distal,11.4163188934,211.040008545,-96.3688278198,9.56877231598,204.744430542,-113.774620056,0.0993233770132,0.338447809219,0.935728549957,
Metacarpal,10.089138031,203.79234314,46.6692428589,20.4108543396,202.66204834,-14.5819540024,-0.166144132614,0.0181938577443,0.985933601856,
Proximal,20.4108543396,202.66204834,-14.5819540024,23.6761951447,200.733657837,-58.6453208923,-0.0738326385617,0.0436028465629,0.996316969395,
Intermediate,23.6761951447,200.733657837,-58.6453208923,19.7587337494,192.539703369,-84.5184555054,0.142863988876,0.29882133007,0.943554759026,
Distal,19.7587337494,192.539703369,-84.5184555054,13.9310245514,183.480377197,-99.5520935059,0.315106242895,0.489840865135,0.812873959541